K = 200000
N = 100
epsilon = 0.0001
Stopping criterion = 1 (last N inductive means were close)
Stopping criterion = 0 (more than K iterations without convergence)

Skinny triangle:  A(0,0); B = (2,4); C = (5, 1)

Mean / stopping criterion / iterations
1.642612    1.316184    1.000000 5146.000000   19.0139552.000000     2.345163     1.000000 16652.000000    21.7380652.648578     1.000000     1.000000 23623.000000    21.5591152.000000     2.331548     1.000000 16799.000000    21.6559622.681531     1.000000     1.000000 23281.000000    21.7565142.670032     1.000000     1.000000 23394.000000    21.6868932.688434     1.000000     1.000000 23230.000000    21.7986892.665261     1.000000     1.000000 23431.000000    21.6582402.653569     1.000000     1.000000 23565.000000    21.5885941.675882    1.335065    1.000000 4695.000000   18.985201

Fat triangle:  A(0,4); B = (3,0); C = (5, 6)

Mean / stopping criterion / iterations
2.483891     2.397649     1.000000 35685.000000    26.3672802.483918     2.588582     1.000000 35699.000000    25.6142062.493511     2.440450     1.000000 35552.000000    26.2206912.511499     2.156276     1.000000 35280.000000    27.7994442.493721     2.458339     1.000000 35542.000000    26.1452822.423939     2.778572     1.000000 36532.000000    24.9587622.502852     2.630233     1.000000 35420.000000    25.5391542.520366     2.343066     1.000000 35173.000000    26.8035062.484154     2.415414     1.000000 35684.000000    26.289133

Undefined curvature triangle:  A(0,0); B = (448,449); C = (452,256)

Mean / stopping criterion
388.6367 318.4011   0.0000
383.1234 319.0377   0.0000
378.8118 318.9332   0.0000
379.0628 314.7176   0.0000
380.7829 314.1878   0.0000
375.4729 308.7370   0.0000
381.9352 322.4669   0.0000
386.9201 320.4148   0.0000
235.68 235.68   0.00

Bacak

Skinny triangle:  A(0,0); B = (2,4); C = (5, 1)

Mean / stopping criterion / iterations / sum of squared distances
1.551845    1.363357    1.000000 4338.000000   19.3526292.000000     2.333134     1.000000 11220.000000    21.6654722.672068     1.000000     1.000000 15619.000000    21.6991602.000000     2.309964     1.000000 11374.000000    21.5280872.000000     2.342266     1.000000 11152.000000    21.7205052.632724     1.000000     1.000000 15888.000000    21.466468
2.674508     1.000000     1.000000 15606.000000    21.713901
1.377650    1.304093    1.000000 5983.000000   19.722001
1.439410    1.336056    1.000000 5404.000000   19.618632


Fat triangle:  A(0,4); B = (3,0); C = (5, 6)

Mean / stopping criterion / iterations / sum of squared distances

2.545776     2.099891     1.000000 23238.000000    28.3799812.536350     2.090303     1.000000 23325.000000    28.3810602.509382     2.510141     1.000000 23573.000000    25.9969642.513323     2.781082     1.000000 23541.000000    25.1440492.380946     2.882876     1.000000 24800.000000    24.7480822.508070     2.157222     1.000000 23590.000000    27.7726752.457869     2.052305     1.000000 24068.000000    28.1156992.523167     2.713147     1.000000 23446.000000    25.3483582.529530     2.647954     1.000000 23389.000000    25.568375


Undefined curvature triangle:  A(0,0); B = (448,449); C = (452,256)

Mean / stopping criterion 
394.0280 319.6498   0.0000
397.6318 326.6425   0.0000
227.3858 227.3858   0.0000
366.8126 332.5071   0.0000